{"tubes":[{"fragments":[{"transform":[-1.0,0.0,0.0,0.0,0.0,-1.0000001192092896,-1.1920928955078126e-7,0.0,0.0,-1.1920928955078126e-7,1.0000001192092896,0.0,0.0,1.4901169187453434e-7,0.0,-1.0],"type":"Direct","length":500.0,"radius":0.0,"bendAngle":0},{"transform":[-1.0,0.0,0.0,0.0,0.0,-1.0000001192092896,-1.1920928955078126e-7,0.0,0.0,-1.1920928955078126e-7,1.0000001192092896,0.0,0.0,-0.00005945562975284702,500.0,-1.0],"type":"Bended","length":0.0,"radius":35.00000014901161,"bendAngle":90},{"transform":[1.1920928955078126e-7,-1.1920930376163597e-7,1.000000238418579,0.0,0.0,-1.0000001192092896,-1.1920928955078126e-7,0.0,1.0000001192092896,1.4210854715202005e-14,-1.1920930376163597e-7,0.0,34.99999642372131,-0.00006362795090808504,534.9999666213989,-1.0],"type":"Direct","length":500.0,"radius":0.0,"bendAngle":0},{"transform":[9.131960609920498e-8,0.6427876353263855,0.7660446763038635,0.0,7.662626444471243e-8,-0.766044557094574,0.6427876949310303,0.0,1.0000001192092896,1.4210854715202005e-14,-1.1920930376163597e-7,0.0,535.0000858306885,-0.00006362795090808504,534.9999666213989,-1.0],"type":"Bended","length":0.0,"radius":35.00000014901161,"bendAngle":90},{"transform":[1.000000238418579,-7.662624312843036e-8,-2.105289667042598e-7,0.0,7.662626444471243e-8,-0.766044557094574,0.6427876949310303,0.0,-2.1052892407169566e-7,-0.6427876949310303,-0.7660447955131531,0.0,570.0000524520874,-22.49762788414955,508.1883668899536,-1.0],"type":"Direct","length":500.0,"radius":0.0,"bendAngle":0}],"diameter":14.000000432133675,"width":1.4000000432133675},{"fragments":[{"transform":[-1.0,0.0,0.0,0.0,0.0,-1.0000001192092896,-1.1920928955078126e-7,0.0,0.0,-1.1920928955078126e-7,1.0000001192092896,0.0,0.0,0.0,0.0,-1.0],"type":"Direct","length":500.0,"radius":0.0,"bendAngle":0},{"transform":[-1.0,0.0,0.0,0.0,0.0,-1.0000001192092896,-1.1920928955078126e-7,0.0,0.0,-1.1920928955078126e-7,1.0000001192092896,0.0,0.0,-0.000059604644775390625,500.0,-1.0],"type":"Bended","length":0.0,"radius":35.00000014901161,"bendAngle":90},{"transform":[1.1920928955078126e-7,-1.1920930376163597e-7,1.000000238418579,0.0,0.0,-1.0000001192092896,-1.1920928955078126e-7,0.0,1.0000001192092896,1.4210854715202005e-14,-1.1920930376163597e-7,0.0,34.999966621398929,-0.000059604644775390625,534.9999666213989,-1.0],"type":"Direct","length":500.0,"radius":0.0,"bendAngle":0},{"transform":[8.429370268459025e-8,-0.70710688829422,0.70710688829422,0.0,-8.429369557916289e-8,-0.7071068286895752,-0.7071069478988648,0.0,1.0000001192092896,1.4210854715202005e-14,-1.1920930376163597e-7,0.0,535.0000858306885,-0.000059604644775390625,534.9999666213989,-1.0],"type":"Bended","length":0.0,"radius":35.00000014901161,"bendAngle":90},{"transform":[1.000000238418579,8.429372400087232e-8,-2.0350303486793565e-7,0.0,-8.429369557916289e-8,-0.7071068286895752,-0.7071069478988648,0.0,-2.0350302065708093e-7,0.7071069478988648,-0.7071069478988648,0.0,570.0000524520874,24.748682975769044,510.25116443634036,-1.0],"type":"Direct","length":299.9999523162842,"radius":0.0,"bendAngle":0}],"diameter":14.000000432133675,"width":1.4000000432133675}]}